13 13 8543
829 9039 3992 1997 913 291 7908 7919 3245 2188 5487 5909 7110 
3242 5772 2015 812 4306 8291 7026 4868 6076 1637 1161 5209 3675 
7366 7599 3401 9981 6073 7959 2173 7336 7627 5662 7215 82 188 
9953 5730 4373 7250 2953 9851 3433 9831 9593 8437 5265 3095 9506 
4227 9906 5940 6515 8516 6965 6012 4358 1914 3337 5638 2612 4924 
735 372 8942 4658 2797 7265 8872 5711 9917 5245 2145 1504 4204 
2650 1830 3304 7802 4308 3781 4012 587 1621 6585 2791 1561 7771 
6278 196 5298 7001 2852 5697 6781 2435 2724 5093 6209 3153 244 
2298 8596 5284 3145 2116 501 7515 9094 57 9608 1965 9830 4764 
9042 2502 3525 4445 1844 3965 6869 2643 6560 4662 4185 1108 9843 
7329 8651 9253 8794 9019 9079 5076 4642 1355 7044 1554 672 9198 
2300 3595 3898 7859 7176 2918 159 8065 2062 4007 1686 343 7326 
1755 893 9431 1457 7087 2597 7650 9289 7849 2976 8610 7582 9247 